50
76
219
15
136
64
116
7
112
152
158
69
151
252
179
8
59
243
245
207
198
25
142
235
193
89
2
123
114
188
172
257
244
31
6
13
109
138
90
262
119
165
206
154
163
48
77
121
122
17
263
33
88
231
173
157
161
144
99
174
192
93
115
202
60
91
56
96
187
132
205
102
87
53
113
153
10
250
230
194
83
189
105
254
233
176
264
143
37
167
247
85
265
133
43
164
229
134
129
258
62
106
84
195
185
57
24
94
217
248
32
203
137
177
200
191
261
139
26
49
168
240
212
73
246
30
12
35
124
210
36
149
147
5
228
20
180
104
58
63
11
156
253
80
42
61
4
23
223
74
199
208
237
218
236
238
39
101
98
145
169
155
178
201
140
197
70
182
184
162
51
166
47
1
19
135
227
183
239
18
186
16
214
170
160
78
22
256
232
29
54
209
117
226
255
190
120
41
82
150
40
216
46
71
66
148
68
215
181
111
131
171
204
141
45
241
146
125
175
67
128
81
242
118
14
234
213
107
260
220
130
55
52
86
126
196
44
159
9
225
211
97
28
259
95
224
92
3
72
249
108
100
21
221
65
222
27
127
38
251
79
75
34