140
226
250
52
186
255
243
108
31
244
241
200
185
14
26
221
131
99
246
193
24
167
34
84
249
231
146
247
187
229
51
12
77
13
17
202
32
222
105
166
256
50
242
98
53
220
160
235
172
263
164
95
173
178
41
136
228
56
119
219
76
101
214
7
92
115
201
184
30
253
113
28
1
70
227
174
128
8
233
46
236
35
152
65
168
72
16
135
73
57
161
144
196
21
39
130
33
116
106
71
20
109
112
45
54
204
104
79
162
261
175
38
5
43
176
121
123
169
251
37
177
180
10
259
258
183
58
132
198
4
82
78
64
230
137
223
188
155
126
149
234
179
122
215
89
47
232
25
207
81
138
114
91
6
11
147
153
156
148
265
150
22
117
29
170
107
68
90
209
129
205
216
212
199
264
238
262
40
182
85
42
67
237
48
3
191
111
49
66
218
94
118
59
154
163
252
257
151
145
225
19
102
139
195
61
159
240
141
36
44
239
171
217
213
18
190
124
88
74
206
143
224
157
69
55
86
248
192
211
62
15
2
189
127
60
133
96
100
210
9
27
142
158
181
260
134
197
254
83
203
208
23
87
125
80
63
120
97
75
165
93
194
245