224
130
25
80
252
166
264
17
93
101
78
22
148
205
147
177
69
219
41
1
44
131
21
90
170
77
228
259
46
7
151
241
27
143
186
157
81
30
140
260
225
48
257
215
154
258
102
106
64
8
9
16
171
262
95
201
65
107
133
37
189
174
243
58
119
196
15
66
36
40
112
114
97
230
35
150
67
160
198
53
4
86
132
50
265
136
218
72
193
47
208
55
216
96
120
207
115
251
123
13
38
88
183
126
104
246
164
159
33
89
42
138
68
231
94
18
226
52
172
250
209
29
221
212
45
188
122
26
63
173
244
194
5
227
121
92
254
85
245
153
43
185
51
211
134
253
247
12
75
91
229
204
79
19
23
210
240
34
39
31
57
109
222
232
202
182
59
223
62
137
213
6
10
139
179
242
28
3
161
56
117
203
76
184
181
105
20
233
263
145
54
176
156
124
168
141
71
192
249
73
155
83
128
87
111
190
108
255
32
158
163
113
175
74
178
2
49
195
11
24
199
206
118
144
127
162
239
248
180
142
200
256
234
82
129
235
167
237
61
125
217
14
146
238
214
135
165
98
100
236
152
60
116
191
261
187
220
169
70
84
149
197
99