90
166
165
198
135
9
44
176
189
56
183
217
6
201
39
36
175
212
96
27
231
52
25
83
190
230
10
255
86
22
72
187
158
194
123
240
80
7
78
218
49
208
150
207
241
91
261
108
254
20
172
246
209
223
70
101
159
115
119
5
136
199
178
45
177
63
173
82
71
1
66
130
60
250
143
107
195
210
32
53
154
58
263
211
112
203
33
65
26
55
144
170
88
51
157
14
248
67
109
163
196
153
174
160
18
164
232
11
121
181
129
34
258
23
79
140
185
214
93
61
222
98
75
87
265
105
234
192
228
28
77
118
113
138
235
127
155
122
3
81
120
111
236
24
40
260
197
247
256
205
221
215
167
257
46
8
204
84
161
148
169
85
186
68
219
128
251
76
15
99
104
114
179
242
57
2
43
125
54
259
59
142
262
244
97
146
62
92
124
37
141
239
74
42
202
220
139
116
16
227
253
4
48
41
89
64
131
106
149
184
233
224
29
145
171
17
180
69
21
102
94
188
117
47
31
137
134
12
238
132
229
264
100
35
19
151
182
216
252
38
162
13
243
213
133
30
168
95
237
193
152
225
147
200
156
249
226
50
191
126
73
206
245